﻿HMMER3/f [3.1b2 | February 2015]
NAME  PTHR23262.curated.30.pir
LENG  142
ALPH  amino
RF    no
MM    yes
CONS  yes
CS    no
MAP   yes
DATE  Fri Aug  5 09:44:59 2016
NSEQ  306
EFFN  2.152496
CKSUM 2784039002
STATS LOCAL MSV      -13.3969  0.71034
STATS LOCAL VITERBI  -14.6722  0.71034
STATS LOCAL FORWARD   -4.3076  0.71034
HMM          A        C        D        E        F        G        H        I        K        L        M        N        P        Q        R        S        T        V        W        Y   
            m->m     m->i     m->d     i->m     i->i     d->m     d->d
  COMPO   2.61595  2.52002  3.09360  2.81295  3.65467  2.82168  3.81975  3.21779  2.77164  2.78526  3.90822  3.13022  2.86477  3.06218  2.98824  2.33846  2.74302  2.81818  4.86055  3.76369
          2.68661  4.41395  2.77543  2.73200  3.46329  2.40615  3.72392  3.29341  2.67814  2.69397  4.24273  2.90408  2.73785  3.18049  2.89832  2.37859  2.77537  2.98554  4.57585  3.61427
          0.46646  1.42680  2.01963  3.04524  0.04875  0.00000        *
      1   2.70079  4.17175  4.22292  3.47838  3.27236  3.81953  4.12462  2.61303  3.49696  2.14249  1.68803  3.82054  4.05174  3.71483  3.51512  2.89152  2.93243  1.96900  3.87174  3.59538     53 m - - -
          2.68618  4.42225  2.77519  2.73123  3.46354  2.40513  3.72494  3.29354  2.67741  2.69355  4.24690  2.90347  2.73739  3.18146  2.89801  2.37887  2.77519  2.98518  4.58477  3.61503
          0.01827  4.54004  4.90172  0.61958  0.77255  0.59571  0.80111
      2   2.36260  3.28523  2.34246  2.65610  3.95383  2.80047  3.81550  3.25086  2.67107  2.99411  3.81995  3.17181  3.95799  2.93367  3.10998  2.78248  2.35314  2.54858  5.29230  3.85605     54 d - - -
          2.68618  4.42225  2.77519  2.73123  3.46354  2.40513  3.72494  3.29354  2.67741  2.69355  4.24690  2.90347  2.73739  3.18146  2.89801  2.37887  2.77519  2.98518  4.58477  3.61503
          0.25208  4.58196  1.54842  0.61958  0.77255  0.64947  0.73882
      3   2.64238  4.81166  2.09493  2.38349  4.23629  3.35536  3.32401  3.85641  2.39265  3.37511  4.13632  2.53174  3.83885  2.72703  2.73085  2.20368  2.80181  3.35596  5.53960  4.15046     55 d - - -
          2.68618  4.42225  2.77519  2.73123  3.46354  2.40513  3.72494  3.29354  2.67741  2.69355  4.24690  2.90347  2.73739  3.18146  2.89801  2.37887  2.77519  2.98518  4.58477  3.61503
          0.02238  4.35197  4.68317  0.61958  0.77255  0.82990  0.57287
      4   2.62321  2.41771  3.23449  2.76335  3.74876  3.45968  3.54989  3.12656  2.68428  2.78027  3.57534  3.20260  3.95927  3.06337  3.02686  2.08069  2.44663  2.86795  5.13515  3.86790     56 s - - -
          2.68633  4.42218  2.77537  2.73051  3.46378  2.40529  3.72506  3.29378  2.67760  2.69362  4.24675  2.90368  2.73677  3.18160  2.89816  2.37851  2.77540  2.98521  4.58501  3.61527
          0.48637  1.00075  4.04300  1.02796  0.44276  0.34575  1.22993
      5   2.68184  1.40099  4.11254  3.53255  3.38447  3.78231  3.96507  2.73284  3.40339  2.44617  2.92642  3.77427  4.20348  3.65997  3.49567  2.91079  2.94318  2.50002  4.88444  3.35993     60 c - - -
          2.68618  4.42225  2.77519  2.73123  3.46354  2.40513  3.72494  3.29354  2.67741  2.69355  4.24690  2.90347  2.73739  3.18146  2.89801  2.37887  2.77519  2.98518  4.58477  3.61503
          0.01444  4.64111  5.36346  0.61958  0.77255  0.53562  0.88021
      6   2.65503  1.16586  4.03754  3.49888  3.59918  3.16561  4.21543  2.98386  3.37024  2.71682  3.62289  3.73355  4.11791  3.66448  3.49780  2.75016  3.02153  2.74682  4.67481  3.65218     61 c - - -
          2.68618  4.42225  2.77519  2.73123  3.46354  2.40513  3.72494  3.29354  2.67741  2.69355  4.24690  2.90347  2.73739  3.18146  2.89801  2.37887  2.77519  2.98518  4.58477  3.61503
          0.01434  4.64742  5.36977  0.61958  0.77255  0.54399  0.86852
      7   2.63352  4.84629  2.98819  1.99388  4.52132  2.19261  3.15962  3.88270  2.46107  3.43361  4.18219  2.97488  3.45868  2.66800  2.65853  2.38466  2.89107  3.57744  5.64576  4.24937     62 e - - -
          2.68620  4.42204  2.77521  2.73125  3.46350  2.40516  3.72487  3.29352  2.67742  2.69356  4.24673  2.90347  2.73741  3.18145  2.89801  2.37890  2.77521  2.98518  4.58451  3.61497
          0.15003  2.08617  4.18934  0.67032  0.71651  0.54295  0.86996
      8   2.62860  2.74647  3.57522  3.02810  3.86599  3.59192  3.96819  3.24166  2.98855  2.88956  3.80493  3.42506  1.84735  3.28026  3.26533  2.23880  2.29451  2.88158  5.26520  4.02192     65 p - - -
          2.68661  4.41717  2.77551  2.73160  3.46258  2.40584  3.72322  3.29298  2.67784  2.69397  4.24289  2.90361  2.73776  3.18113  2.89816  2.37961  2.77551  2.98520  4.57851  3.61365
          0.33415  1.62164  2.44787  3.16149  0.04329  0.56083  0.84568
      9   2.48319  3.46609  3.51703  2.95776  3.57580  3.28047  3.90368  2.85792  2.91775  2.65192  3.56126  3.37428  4.03026  3.22376  2.94609  1.83426  2.52373  2.36584  4.98621  3.79101    145 s - - -
          2.68629  4.42094  2.77528  2.73133  3.46329  2.40531  3.72450  3.29339  2.67752  2.69366  4.24586  2.90350  2.73749  3.18138  2.89804  2.37906  2.77528  2.98519  4.58315  3.61467
          0.23044  1.64843  4.30795  1.94340  0.15457  0.42282  1.06477
     10   2.58793  0.76555  4.52984  4.12172  3.60506  3.57121  4.66383  3.13161  3.93142  3.01825  3.95052  4.04684  4.24970  4.19939  4.08113  2.92837  3.15272  2.86354  5.42550  4.18067    162 c - - -
          2.68618  4.42225  2.77519  2.73123  3.46354  2.40513  3.72494  3.29354  2.67741  2.69355  4.24690  2.90347  2.73739  3.18146  2.89801  2.37887  2.77519  2.98518  4.58477  3.61503
          0.22046  4.64861  1.66987  0.61958  0.77255  0.53562  0.88021
     11   2.53181  3.54045  3.25335  2.71281  3.73032  2.53265  3.69804  3.18711  2.68535  2.49810  3.67270  3.19036  3.81665  2.71187  2.89869  2.21580  2.87025  2.76476  5.17509  3.81292    163 s - - -
          2.68618  4.42225  2.77519  2.73123  3.46354  2.40513  3.72494  3.29354  2.67741  2.69355  4.24690  2.90347  2.73739  3.18146  2.89801  2.37887  2.77519  2.98518  4.58477  3.61503
          0.03051  4.44807  3.99798  0.61958  0.77255  0.66896  0.71793
     12   2.60925  5.06360  2.62479  2.09676  4.48802  3.29540  3.66311  3.85050  2.40001  3.39872  4.21049  2.95578  2.62958  2.63652  2.81545  2.12893  2.68001  3.54318  5.60903  4.21034    164 e - - -
          2.68618  4.42225  2.77519  2.73123  3.46354  2.40513  3.72494  3.29354  2.67741  2.69355  4.24690  2.90347  2.73739  3.18146  2.89801  2.37887  2.77519  2.98518  4.58477  3.61503
          0.04024  4.50239  3.56277  0.61958  0.77255  0.76908  0.62258
     13   2.62168  4.12594  3.13298  2.43139  3.92458  2.79972  3.74851  3.46547  2.56671  2.79945  3.91167  3.07361  2.87433  2.77603  3.02199  2.03071  2.58294  3.13230  5.35023  4.02939    165 s - - -
          2.68618  4.42225  2.77519  2.73123  3.46354  2.40513  3.72494  3.29354  2.67741  2.69355  4.24690  2.90347  2.73739  3.18146  2.89801  2.37887  2.77519  2.98518  4.58477  3.61503
          0.02059  4.47914  4.70643  0.61958  0.77255  0.73917  0.64915
     14   2.68443  2.31979  3.43401  2.83761  3.63579  2.73407  3.77160  3.04855  2.83957  2.70690  3.53680  3.29273  3.80398  3.15757  3.14412  2.04336  2.84997  2.71705  5.05939  3.83338    166 s - - -
          2.68658  4.41052  2.77559  2.73167  3.46307  2.40554  3.72396  3.29335  2.67788  2.69394  4.24425  2.90371  2.73775  3.18142  2.89828  2.37951  2.77514  2.98530  4.58074  3.61415
          1.10910  0.47286  3.05917  2.04091  0.13916  0.54842  0.86243
     15   2.62285  4.64453  2.92183  2.26484  4.11469  2.90288  3.58526  3.39239  2.43747  3.20569  3.93166  2.94265  3.72381  2.39281  2.61196  2.42417  2.44148  3.30407  4.93261  3.96987    266 e - - -
          2.68623  4.42164  2.77523  2.73128  3.46342  2.40521  3.72474  3.29347  2.67746  2.69360  4.24642  2.90348  2.73744  3.18142  2.89802  2.37895  2.77523  2.98518  4.58402  3.61486
          0.11333  3.35340  2.62861  2.30944  0.10460  0.52440  0.89627
     16   2.59853  5.13776  2.80614  2.30934  4.44496  3.34747  3.71044  3.90395  2.47051  3.40884  4.19548  2.89027  3.50911  2.69286  2.92659  1.63604  2.48293  3.50933  5.60001  4.06613    309 s - - -
          2.68618  4.42225  2.77519  2.73123  3.46354  2.40513  3.72494  3.29354  2.67741  2.69355  4.24690  2.90347  2.73739  3.18146  2.89801  2.37887  2.77519  2.98518  4.58477  3.61503
          0.01584  4.54920  5.27154  0.61958  0.77255  0.69772  0.68859
     17   2.64678  4.49770  3.18650  2.63486  4.18576  2.84038  3.81435  3.60232  2.62391  3.21222  3.90481  2.96761  3.40937  2.97187  2.85160  1.62987  2.34406  3.13576  5.45835  4.13405    310 s - - -
          2.68618  4.42225  2.77519  2.73123  3.46354  2.40513  3.72494  3.29354  2.67741  2.69355  4.24690  2.90347  2.73739  3.18146  2.89801  2.37887  2.77519  2.98518  4.58477  3.61503
          0.04834  4.55176  3.30644  0.61958  0.77255  0.43812  1.03634
     18   2.86951  0.44969  4.83602  4.66526  4.50683  3.57635  5.18415  3.75309  4.41507  3.61471  4.75815  4.33118  4.37664  4.72918  4.48277  3.02677  3.40494  3.38664  6.00672  4.75459    311 C - - -
          2.68620  4.41713  2.77561  2.73164  3.46350  2.40545  3.72474  3.29347  2.67783  2.69386  4.24571  2.90365  2.73704  3.18135  2.89834  2.37856  2.77504  2.98535  4.58330  3.61495
          0.38564  1.15695  5.19568  2.08224  0.13313  0.52304  0.89825
     19   2.60249  0.81852  4.32893  3.88842  3.94080  3.49369  4.52454  3.22751  3.64111  3.02996  3.97142  3.91681  4.19142  3.98871  3.68597  2.93588  3.04810  2.87337  5.39684  4.05896    328 c - - -
          2.68618  4.42225  2.77519  2.73123  3.46354  2.40513  3.72494  3.29354  2.67741  2.69355  4.24690  2.90347  2.73739  3.18146  2.89801  2.37887  2.77519  2.98518  4.58477  3.61503
          0.01442  4.64251  5.36486  0.61958  0.77255  0.55310  0.85605
     20   2.68213  5.05935  3.07362  2.39977  4.44397  3.49164  3.59677  3.89248  2.32093  3.31738  4.13361  3.04666  3.77033  1.80531  2.16520  2.74253  2.97842  2.76631  5.59769  4.12367    329 q - - -
          2.68619  4.42206  2.77521  2.73124  3.46350  2.40515  3.72488  3.29352  2.67742  2.69356  4.24674  2.90347  2.73741  3.18145  2.89801  2.37889  2.77521  2.98518  4.58453  3.61498
          0.05734  3.74239  3.44099  1.52253  0.24610  0.55310  0.85605
     21   2.54368  4.67555  3.45595  2.93276  4.25957  3.28016  4.14208  3.64570  3.02824  3.02235  4.15977  3.40645  1.16002  3.36404  3.41971  2.65524  2.50420  3.26851  5.60032  4.33405    345 p - - -
          2.68626  4.42133  2.77525  2.73130  3.46336  2.40526  3.72463  3.29344  2.67748  2.69362  4.24617  2.90349  2.73746  3.18140  2.89803  2.37900  2.77525  2.98518  4.58364  3.61478
          0.23629  2.22381  2.28029  2.00215  0.14508  0.59125  0.80662
     22   2.21937  4.47464  3.15592  2.77201  3.73035  3.58265  3.80699  2.92647  2.74733  2.80990  3.65832  3.21990  3.95383  3.06937  3.07973  1.98507  2.42975  2.38413  5.02099  3.84622    366 s - - -
          2.68618  4.42225  2.77519  2.73123  3.46354  2.40513  3.72494  3.29354  2.67741  2.69355  4.24690  2.90347  2.73739  3.18146  2.89801  2.37887  2.77519  2.98518  4.58477  3.61503
          0.02166  4.51619  4.55681  0.61958  0.77255  0.60760  0.78670
     23   2.69654  1.17641  4.12279  3.57353  3.47102  3.61560  4.18822  2.88849  3.38061  2.58790  3.55513  3.76997  4.17579  3.69290  3.49794  2.79021  3.01256  2.63666  4.55548  3.60968    367 c - - -
          2.68636  4.41194  2.77560  2.73144  3.46371  2.40562  3.72502  3.29379  2.67765  2.69378  4.24650  2.90387  2.73736  3.18129  2.89827  2.37871  2.77512  2.98523  4.58234  3.61500
          1.18187  0.57975  2.01548  1.43589  0.27168  0.61611  0.77662
     24   2.67863  4.79805  2.95335  2.48766  4.04742  3.46442  3.73225  3.40604  2.55549  3.08391  3.90145  3.06106  3.65132  2.89449  2.97415  1.89695  2.12028  2.71697  5.30432  4.01570    385 s - - -
          2.68618  4.42225  2.77519  2.73123  3.46354  2.40513  3.72494  3.29354  2.67741  2.69355  4.24690  2.90347  2.73739  3.18146  2.89801  2.37887  2.77519  2.98518  4.58477  3.61503
          0.04112  4.45356  3.55279  0.61958  0.77255  0.78792  0.60658
     25   2.56179  4.64270  3.29856  2.75348  3.92514  3.42532  3.86533  3.37156  2.72984  2.99291  3.75611  3.20822  2.22075  3.06902  3.06714  2.21182  1.97478  2.92854  5.32373  4.03848    386 t - - -
          2.68618  4.42225  2.77519  2.73123  3.46354  2.40513  3.72494  3.29354  2.67741  2.69355  4.24690  2.90347  2.73739  3.18146  2.89801  2.37887  2.77519  2.98518  4.58477  3.61503
          0.01757  4.44626  5.16861  0.61958  0.77255  0.83719  0.56726
     26   2.35469  0.80588  4.43857  4.15643  4.34436  3.21548  4.73428  3.60282  3.98831  3.46009  4.36067  3.89439  4.00998  4.24419  4.11677  2.31222  2.96919  3.06252  5.80788  4.63223    387 c - - -
          2.68625  4.42140  2.77525  2.73129  3.46338  2.40525  3.72465  3.29344  2.67748  2.69362  4.24622  2.90349  2.73746  3.18141  2.89803  2.37899  2.77525  2.98518  4.58372  3.61480
          0.52325  1.12549  2.48993  1.20123  0.35785  0.71812  0.66878
     27   2.16509  2.53460  3.35883  2.85441  3.50631  3.53935  3.76280  2.90938  2.81809  2.62433  3.46435  3.26128  3.47900  3.09371  3.13343  2.45578  2.85604  2.55559  4.71500  3.67480    410 a - - -
          2.68636  4.42007  2.77533  2.73139  3.46313  2.40543  3.72420  3.29330  2.67759  2.69373  4.24517  2.90353  2.73755  3.18132  2.89807  2.37918  2.77533  2.98519  4.58208  3.61444
          0.34508  1.30012  3.94564  2.25481  0.11081  0.37607  1.16013
     28   2.69115  1.30891  4.13646  3.56690  3.41757  3.78802  4.18100  2.68933  3.43307  2.52002  3.36829  3.79246  4.20386  3.69448  3.41255  2.94596  2.92847  2.32272  4.93507  3.66904    459 c - - -
          2.68618  4.42223  2.77519  2.73123  3.46353  2.40513  3.72494  3.29354  2.67741  2.69355  4.24688  2.90347  2.73740  3.18146  2.89801  2.37887  2.77519  2.98518  4.58475  3.61502
          0.02184  4.08269  5.35105  0.67171  0.71505  0.47868  0.96654
     29   2.34113  0.72995  4.51681  4.16274  4.26961  3.17999  4.80003  3.54544  4.01376  3.37307  4.26961  4.00824  4.17082  4.26220  4.16381  2.79991  3.04214  3.07502  5.73860  4.18883    464 c - - -
          2.68618  4.42225  2.77519  2.73123  3.46354  2.40513  3.72494  3.29354  2.67741  2.69355  4.24690  2.90347  2.73739  3.18146  2.89801  2.37887  2.77519  2.98518  4.58477  3.61503
          0.01415  4.66122  5.38357  0.61958  0.77255  0.51766  0.90612
     30   2.70530  4.60620  3.05204  2.19903  4.44291  3.54516  3.63551  3.89683  1.99144  3.24476  3.90693  3.03337  3.80639  2.17333  2.50881  2.70748  2.80478  2.66681  5.60352  4.12407    465 k - - -
          2.68618  4.42225  2.77519  2.73123  3.46354  2.40513  3.72494  3.29354  2.67741  2.69355  4.24690  2.90347  2.73739  3.18146  2.89801  2.37887  2.77519  2.98518  4.58477  3.61503
          0.01732  4.66122  4.86505  0.61958  0.77255  0.51766  0.90612
     31   2.70487  4.74567  3.34995  2.79521  4.04232  3.42732  3.74895  3.43115  2.80591  3.01329  3.58105  3.28329  1.33846  3.15849  3.21613  2.69042  2.65555  3.13727  5.38853  4.10702    466 p - - -
          2.68618  4.42225  2.77519  2.73123  3.46354  2.40513  3.72494  3.29354  2.67741  2.69355  4.24690  2.90347  2.73739  3.18146  2.89801  2.37887  2.77519  2.98518  4.58477  3.61503
          0.04650  4.65810  3.32572  0.61958  0.77255  0.52372  0.89726
     32   2.53366  4.33979  3.85285  3.25193  3.46223  3.77359  3.98631  2.66033  3.20613  2.37093  3.25682  3.61348  3.89759  3.46670  3.34176  2.02742  2.73799  1.65524  4.94106  3.72874    467 v - - -
          2.68621  4.42182  2.77522  2.73126  3.46346  2.40519  3.72480  3.29349  2.67744  2.69358  4.24656  2.90348  2.73742  3.18143  2.89802  2.37893  2.77522  2.98518  4.58424  3.61491
          0.14930  2.02903  4.93058  1.18929  0.36303  0.58241  0.81770
     33   2.45823  1.29808  4.02386  3.47011  3.58399  3.68752  4.19412  2.82187  3.29608  2.62086  3.48163  3.71843  4.08987  3.63851  3.47402  2.61327  2.94929  2.62043  5.06527  3.84413    472 c - - -
          2.68618  4.42225  2.77519  2.73123  3.46354  2.40513  3.72494  3.29354  2.67741  2.69355  4.24690  2.90347  2.73739  3.18146  2.89801  2.37887  2.77519  2.98518  4.58477  3.61503
          0.01469  4.62378  5.34613  0.61958  0.77255  0.58674  0.81224
     34   2.54700  0.99472  4.34612  3.85801  3.31641  3.38131  4.44636  3.02940  3.73313  2.83294  3.75626  3.90929  4.18588  3.96676  3.91361  2.74002  3.04383  2.66545  5.22765  3.91258    473 c - - -
          2.68618  4.42225  2.77519  2.73123  3.46354  2.40513  3.72494  3.29354  2.67741  2.69355  4.24690  2.90347  2.73739  3.18146  2.89801  2.37887  2.77519  2.98518  4.58477  3.61503
          0.15592  4.62378  2.00579  0.61958  0.77255  0.57660  0.82509
     35   2.57357  4.34343  2.93648  2.29523  4.33414  3.42725  3.59336  3.65537  2.06021  3.32788  3.92553  2.98907  3.47815  2.41264  2.61140  2.59633  2.76331  2.69022  5.51815  3.85083    474 k - - -
          2.68629  4.41718  2.77558  2.73161  3.46355  2.40565  3.72464  3.29348  2.67784  2.69396  4.24571  2.90382  2.73634  3.18160  2.89829  2.37884  2.77511  2.98481  4.58307  3.61491
          1.03519  0.45890  4.35363  1.63779  0.21618  0.68201  0.70441
     36   2.47079  4.06482  3.56635  3.02039  3.47977  3.40377  3.87469  2.64777  2.93735  2.58524  3.38386  3.39996  3.84488  3.25903  3.21711  1.98794  2.74193  1.99965  4.78844  3.69079    518 s - - -
          2.68620  4.42194  2.77521  2.73125  3.46348  2.40517  3.72484  3.29350  2.67743  2.69357  4.24665  2.90347  2.73742  3.18144  2.89801  2.37891  2.77521  2.98518  4.58439  3.61495
          0.16618  2.30171  2.93712  1.18480  0.36501  0.70794  0.67857
     37   2.44711  1.02041  4.34552  3.89759  3.87715  3.45061  4.52866  2.99647  3.74810  2.90414  3.85919  3.88315  3.95324  4.00525  3.92543  2.78831  2.85723  2.42513  5.38486  4.05231    524 c - - -
          2.68629  4.42089  2.77528  2.73133  3.46328  2.40532  3.72448  3.29339  2.67752  2.69366  4.24582  2.90350  2.73749  3.18137  2.89805  2.37906  2.77528  2.98519  4.58309  3.61466
          0.24006  1.57046  5.20800  1.96885  0.15038  0.36369  1.18779
     38   2.54650  0.92819  4.27806  3.76705  3.71311  3.64299  4.39412  3.09661  3.51966  2.86120  3.79215  3.88207  4.22071  3.86731  3.48617  2.98204  3.01045  2.84363  4.89848  3.94027    534 c - - -
          2.68618  4.42225  2.77519  2.73123  3.46354  2.40513  3.72494  3.29354  2.67741  2.69355  4.24690  2.90347  2.73739  3.18146  2.89801  2.37887  2.77519  2.98518  4.58477  3.61503
          0.01412  4.66309  5.38544  0.61958  0.77255  0.51402  0.91152
     39   2.70752  4.57676  3.20253  2.57634  4.04227  3.60770  3.42856  3.45397  2.50676  2.78963  3.67356  3.16760  3.99568  2.15834  2.58742  2.81431  2.57427  2.15492  5.37216  3.85049    535 v - - -
          2.68618  4.42225  2.77519  2.73123  3.46354  2.40513  3.72494  3.29354  2.67741  2.69355  4.24690  2.90347  2.73739  3.18146  2.89801  2.37887  2.77519  2.98518  4.58477  3.61503
          0.01635  4.66309  4.99429  0.61958  0.77255  0.51402  0.91152
     40   2.80725  5.01685  3.10790  2.56849  4.33824  3.61529  3.94357  3.74635  2.72642  3.35844  4.19541  3.21564  1.18110  3.01114  3.03984  2.80514  2.89679  3.42153  5.60363  4.06251    536 p - - -
          2.68618  4.42225  2.77519  2.73123  3.46354  2.40513  3.72494  3.29354  2.67741  2.69355  4.24690  2.90347  2.73739  3.18146  2.89801  2.37887  2.77519  2.98518  4.58477  3.61503
          0.06299  4.66089  2.96439  0.61958  0.77255  0.51238  0.91397
     41   2.28222  4.27449  3.69498  3.07789  3.12268  3.55241  3.99605  2.80166  3.07125  2.51321  3.49526  3.34113  4.04469  3.08552  3.27900  2.32511  2.57344  1.81126  4.99483  3.76945    537 v - - -
          2.68618  4.42220  2.77520  2.73123  3.46353  2.40513  3.72493  3.29353  2.67741  2.69355  4.24685  2.90347  2.73740  3.18146  2.89801  2.37887  2.77520  2.98518  4.58470  3.61501
          0.12521  3.24131  2.54373  0.64564  0.74303  0.46990  0.98100
     42   2.61304  0.93033  4.28419  3.87731  4.06286  3.42801  4.58123  3.40502  3.71509  3.09180  4.10597  3.87422  4.13020  4.01651  3.87131  2.08421  2.97564  3.06236  5.53762  4.09859    540 c - - -
          2.68618  4.42225  2.77519  2.73123  3.46354  2.40513  3.72494  3.29354  2.67741  2.69355  4.24690  2.90347  2.73739  3.18146  2.89801  2.37887  2.77519  2.98518  4.58477  3.61503
          0.01727  4.58597  4.97284  0.61958  0.77255  0.64964  0.73863
     43   2.71967  1.75856  3.70292  3.13945  3.53501  3.52952  3.86096  2.91676  3.06957  2.64443  3.54150  3.48702  3.97555  3.34669  3.33401  2.00574  2.91421  2.69295  4.77162  3.55452    541 c - - -
          2.68619  4.42212  2.77520  2.73124  3.46351  2.40514  3.72490  3.29352  2.67742  2.69356  4.24679  2.90347  2.73740  3.18145  2.89801  2.37889  2.77520  2.98518  4.58460  3.61499
          0.05122  3.23111  4.56396  1.10408  0.40274  0.59761  0.79878
     44   2.68572  3.01450  3.04229  2.18687  4.21238  3.15978  3.50498  3.67272  2.45843  3.12714  3.91649  3.01699  3.86588  2.07598  2.59378  2.66596  2.82114  3.23584  5.23934  4.07603    552 q - - -
          2.68620  4.42193  2.77521  2.73125  3.46348  2.40517  3.72483  3.29350  2.67743  2.69357  4.24664  2.90347  2.73742  3.18144  2.89801  2.37891  2.77521  2.98518  4.58437  3.61494
          0.29187  2.06130  2.07268  1.00313  0.45686  0.57981  0.82099
     45   2.52017  4.77422  3.06361  2.57668  4.08401  3.49572  3.74176  3.51098  2.56916  3.13085  3.93373  3.04578  2.92406  2.91421  3.02114  1.74260  2.25662  3.19268  5.28332  4.04018    567 s - - -
          2.68622  4.42170  2.77523  2.73127  3.46343  2.40520  3.72476  3.29348  2.67745  2.69359  4.24646  2.90348  2.73743  3.18143  2.89802  2.37895  2.77523  2.98518  4.58409  3.61488
          0.06730  2.87274  4.76281  2.02088  0.14218  0.55872  0.84849
     46   2.56975  4.24689  3.39270  2.83270  3.80314  3.57973  3.88734  3.03171  2.75825  2.77698  3.72925  3.23968  3.38474  3.13210  3.13502  1.77794  2.10637  2.63134  5.19273  3.92630    604 s - - -
          2.68618  4.42225  2.77519  2.73123  3.46354  2.40513  3.72494  3.29354  2.67741  2.69355  4.24690  2.90347  2.73739  3.18146  2.89801  2.37887  2.77519  2.98518  4.58477  3.61503
          0.01597  4.57452  5.19705  0.61958  0.77255  0.66578  0.72128
     47   2.74098  1.44336  4.21386  3.64042  3.41131  3.79380  4.20657  2.50286  3.49257  2.47628  3.41277  3.83805  4.21982  3.74627  3.34840  2.97922  2.90602  2.08439  4.92653  3.63053    605 c - - -
          2.68716  4.39869  2.77614  2.73221  3.46358  2.40461  3.72444  3.29383  2.67838  2.69452  4.24479  2.90418  2.73749  3.18122  2.89805  2.37948  2.77510  2.98519  4.58107  3.61458
          0.57608  0.99279  2.69767  2.81702  0.06165  0.63228  0.75797
     48   2.58324  0.92258  4.33953  3.90918  3.86556  3.47321  4.54157  3.10014  3.71639  2.70440  3.92635  3.90007  3.91807  4.01574  3.89408  2.70022  3.04567  2.79171  5.40528  4.12341    713 c - - -
          2.68618  4.42223  2.77519  2.73123  3.46353  2.40513  3.72494  3.29354  2.67741  2.69355  4.24688  2.90347  2.73740  3.18146  2.89801  2.37887  2.77519  2.98518  4.58474  3.61502
          0.18809  3.77091  1.90766  0.63228  0.75796  0.71259  0.67407
     49   2.67571  5.15650  2.62165  2.17983  4.48988  2.64589  3.48817  3.96671  2.21480  3.45552  4.20137  2.91614  3.84155  2.24635  2.51894  2.58379  2.84172  3.27866  5.59455  4.19187    716 e - - -
          2.68618  4.42225  2.77519  2.73123  3.46354  2.40513  3.72494  3.29354  2.67741  2.69355  4.24690  2.90347  2.73739  3.18146  2.89801  2.37887  2.77519  2.98518  4.58477  3.61503
          0.03235  4.38053  3.94710  0.61958  0.77255  0.88221  0.53421
     50   2.63823  4.64867  3.15374  2.55385  4.05290  3.34156  3.77300  3.46184  2.59841  3.07184  3.80770  3.10222  2.02840  2.94986  2.99490  2.11721  2.48285  3.14074  5.32937  4.04134    717 p - - -
          2.68649  4.41161  2.77545  2.73154  3.46334  2.40548  3.72446  3.29325  2.67771  2.69387  4.24555  2.90369  2.73762  3.18151  2.89817  2.37919  2.77530  2.98523  4.58257  3.61468
          1.02565  0.91874  1.41711  2.07317  0.13443  0.57556  0.82642
     51   2.63688  4.54343  3.03701  2.45164  3.89892  3.32460  3.69279  3.08803  2.55554  2.94089  3.68260  3.07166  3.53171  2.15532  2.96714  2.71355  2.86806  2.20759  5.21004  3.92076    794 q - - -
          2.68618  4.42225  2.77519  2.73123  3.46354  2.40513  3.72494  3.29354  2.67741  2.69355  4.24690  2.90347  2.73739  3.18146  2.89801  2.37887  2.77519  2.98518  4.58477  3.61503
          0.02037  4.29988  5.02223  0.61958  0.77255  0.94944  0.48932
     52   2.47438  4.28578  3.09737  2.54846  4.10233  3.37250  3.72953  3.51268  2.53750  3.12807  3.94242  2.99801  3.00059  2.25676  2.99158  2.24995  2.26316  3.08563  5.37458  4.04986    795 s - - -
          2.68618  4.42225  2.77519  2.73123  3.46354  2.40513  3.72494  3.29354  2.67741  2.69355  4.24690  2.90347  2.73739  3.18146  2.89801  2.37887  2.77519  2.98518  4.58477  3.61503
          0.02008  4.31413  5.03647  0.61958  0.77255  0.96069  0.48228
     53   2.38335  4.21391  3.40307  2.88794  4.06084  3.29392  3.97084  3.45071  2.73499  3.11849  3.95846  3.19058  3.71268  3.19040  3.25424  1.32233  2.51914  2.84567  5.40505  4.14038    796 s - - -
          2.68622  4.42176  2.77522  2.73127  3.46345  2.40519  3.72478  3.29348  2.67745  2.69359  4.24651  2.90348  2.73743  3.18143  2.89802  2.37894  2.77522  2.98518  4.58417  3.61490
          0.19273  1.83229  4.18299  1.37200  0.29249  0.53686  0.87847
     54   2.50149  0.96938  4.38591  4.08759  4.40619  3.25903  4.78642  3.78480  3.95245  3.57051  4.44057  3.89666  4.04495  4.21232  4.11252  1.60204  3.01824  3.30225  5.81791  4.65427    802 c - - -
          2.68635  4.42020  2.77532  2.73138  3.46315  2.40542  3.72425  3.29331  2.67758  2.69372  4.24528  2.90352  2.73754  3.18133  2.89807  2.37916  2.77532  2.98519  4.58224  3.61447
          0.21299  1.68255  5.12717  2.42187  0.09294  0.48436  0.95735
     55   2.64305  1.15535  4.05930  3.51262  3.49634  3.71666  4.17647  2.87997  3.32593  2.63974  3.55683  3.74371  4.17422  3.64891  3.34546  3.04887  2.98590  2.61032  4.99076  3.63692    840 c - - -
          2.68618  4.42225  2.77519  2.73123  3.46354  2.40513  3.72494  3.29354  2.67741  2.69355  4.24690  2.90347  2.73739  3.18146  2.89801  2.37887  2.77519  2.98518  4.58477  3.61503
          0.02768  4.61919  4.04915  0.61958  0.77255  0.59011  0.80803
     56   2.80268  5.24568  3.05155  2.28017  4.58617  2.68260  3.71463  4.04683  2.34766  3.53505  4.21950  3.03761  3.82700  1.79124  2.05400  2.71288  3.02853  3.63542  5.66822  4.17360    841 q - - -
          2.68618  4.42225  2.77519  2.73123  3.46354  2.40513  3.72494  3.29354  2.67741  2.69355  4.24690  2.90347  2.73739  3.18146  2.89801  2.37887  2.77519  2.98518  4.58477  3.61503
          0.01493  4.60795  5.33030  0.61958  0.77255  0.59527  0.80165
     57   2.61892  4.88479  3.11870  2.61690  4.36670  2.46787  3.96282  3.78846  2.79803  3.31984  4.08022  3.20987  1.41615  3.12962  3.24788  2.47972  2.99563  3.41400  5.63682  4.31394    842 p - - -Z
          2.68618  4.42225  2.77519  2.73123  3.46354  2.40513  3.72494  3.29354  2.67741  2.69355  4.24690  2.90347  2.73739  3.18146  2.89801  2.37887  2.77519  2.98518  4.58477  3.61503
          0.02102  4.61399  4.52043  0.61958  0.77255  0.60365  0.79145
     58   2.39853  4.56721  3.11183  2.57935  3.93855  3.48589  3.67427  3.25639  2.57004  3.02426  3.81280  3.06709  3.77539  2.69103  2.55716  1.95673  2.54590  2.89427  4.92183  3.91000    843 s - - -
          2.68622  4.42171  2.77523  2.73127  3.46344  2.40520  3.72476  3.29348  2.67745  2.69359  4.24647  2.90348  2.73743  3.18143  2.89802  2.37894  2.77523  2.98518  4.58410  3.61488
          0.42206  2.01109  1.55844  1.37982  0.28985  0.56378  0.84177
     59   2.65180  1.16890  4.18738  3.68718  3.53918  3.58030  4.29693  2.74467  3.49078  2.60145  3.60665  3.80620  4.13324  3.79766  3.68731  2.95615  2.93859  2.37902  5.02211  3.81432    854 c - - -
          2.68656  4.41533  2.77554  2.73145  3.46359  2.40527  3.72490  3.29371  2.67784  2.69396  4.24624  2.90374  2.73749  3.18096  2.89833  2.37849  2.77507  2.98495  4.58369  3.61503
          0.64081  0.78482  4.07837  1.82450  0.17590  0.39052  1.12918
     60   2.68476  1.25554  3.95856  3.36435  3.70427  2.57896  4.22741  3.06248  3.34287  2.75005  3.58958  3.68255  3.99949  3.63228  3.61929  2.70894  3.00807  2.74484  5.17985  3.82406    885 c - - -
          2.68618  4.42225  2.77519  2.73123  3.46354  2.40513  3.72494  3.29354  2.67741  2.69355  4.24690  2.90347  2.73739  3.18146  2.89801  2.37887  2.77519  2.98518  4.58477  3.61503
          0.03063  4.61869  3.89709  0.61958  0.77255  0.59098  0.80696
     61   2.40764  1.53790  4.06922  3.50639  3.48119  3.59262  4.17330  2.72599  3.41011  2.47654  3.36503  3.66980  4.16833  3.65973  3.64594  2.68272  2.54673  2.43477  4.97448  3.76390    886 c - - -
          2.68618  4.42225  2.77519  2.73123  3.46354  2.40513  3.72494  3.29354  2.67741  2.69355  4.24690  2.90347  2.73739  3.18146  2.89801  2.37887  2.77519  2.98518  4.58477  3.61503
          0.01498  4.60456  5.32690  0.61958  0.77255  0.61952  0.77263
     62   2.62277  5.18536  2.57666  2.35278  4.45899  2.61546  3.54199  3.67420  2.44278  3.48092  3.87536  2.98935  3.58538  2.13991  2.78467  2.20591  2.92805  3.42737  5.63184  4.13362    887 q - - -
          2.68618  4.42225  2.77519  2.73123  3.46354  2.40513  3.72494  3.29354  2.67741  2.69355  4.24690  2.90347  2.73739  3.18146  2.89801  2.37887  2.77519  2.98518  4.58477  3.61503
          0.01907  4.60456  4.72404  0.61958  0.77255  0.61583  0.77695
     63   2.41291  4.66233  3.24313  2.66417  4.16469  3.34572  3.86209  3.49023  2.64951  3.17869  4.02030  3.17659  2.07334  2.98893  3.13367  1.86860  2.50184  3.17116  5.45737  4.14418    888 s - - -
          2.68618  4.42225  2.77519  2.73123  3.46354  2.40513  3.72494  3.29354  2.67741  2.69355  4.24690  2.90347  2.73739  3.18146  2.89801  2.37887  2.77519  2.98518  4.58477  3.61503
          0.06126  4.60173  3.00803  0.61958  0.77255  0.46877  0.98288
     64   2.59637  2.73553  3.35463  2.83058  3.60128  3.20409  3.75935  2.91269  2.80164  2.73859  3.54868  3.24935  2.64256  3.00588  3.09969  2.39218  2.80341  2.59537  4.70513  3.61887    889 s - - -
          2.68674  4.40724  2.77581  2.73167  3.46306  2.40584  3.72396  3.29348  2.67812  2.69420  4.24409  2.90393  2.73754  3.18016  2.89844  2.37938  2.77541  2.98533  4.58000  3.61413
          1.15074  0.58955  2.04778  2.31526  0.10396  0.49042  0.94770
     65   2.34570  4.44043  3.03246  2.56891  3.68204  3.09792  3.72304  3.38750  2.58475  3.02991  3.83304  3.05059  3.18630  2.91944  3.02711  1.91363  2.59879  2.88410  5.12536  3.95625    964 s - - -
          2.68618  4.42225  2.77519  2.73123  3.46354  2.40513  3.72494  3.29354  2.67741  2.69355  4.24690  2.90347  2.73739  3.18146  2.89801  2.37887  2.77519  2.98518  4.58477  3.61503
          0.09537  4.52375  2.52424  0.61958  0.77255  0.41468  1.08044
     66   2.70061  1.80597  3.78288  3.21854  3.45761  2.72361  4.04641  2.89035  3.15442  2.57314  3.43991  3.55980  3.80175  3.43790  3.35745  2.45411  2.74522  2.45527  5.00228  3.72685    965 c - - -
          2.68618  4.42220  2.77520  2.73123  3.46353  2.40513  3.72493  3.29353  2.67741  2.69355  4.24686  2.90347  2.73740  3.18146  2.89801  2.37887  2.77520  2.98518  4.58471  3.61502
          0.03707  3.51298  5.02381  0.76540  0.62577  0.55118  0.85866
     67   2.70475  1.29169  4.01730  3.45443  3.56465  3.45014  4.13222  2.94140  3.21861  2.31923  3.60747  3.71420  4.18515  3.59373  2.83539  3.04576  3.04010  2.71745  5.08069  3.86802    969 c - - -
          2.68618  4.42225  2.77519  2.73123  3.46354  2.40513  3.72494  3.29354  2.67741  2.69355  4.24690  2.90347  2.73739  3.18146  2.89801  2.37887  2.77519  2.98518  4.58477  3.61503
          0.01941  4.61661  4.67410  0.61958  0.77255  0.59600  0.80075
     68   2.65898  4.31516  3.30633  2.72336  3.73925  3.09424  3.69758  2.70712  2.77637  2.62925  3.64802  3.27267  3.94035  2.42944  2.86461  2.43403  2.71881  2.18959  5.19805  3.92645    970 v - - -
          2.68620  4.42197  2.77521  2.73125  3.46349  2.40516  3.72485  3.29351  2.67743  2.69357  4.24668  2.90347  2.73741  3.18144  2.89801  2.37891  2.77521  2.98518  4.58443  3.61495
          0.26266  1.48780  5.27248  0.41678  1.07636  0.51813  0.90543
     69   2.67519  3.76916  3.04204  2.27830  4.35448  3.13322  3.70227  3.79550  2.51362  3.25864  4.13590  3.04950  2.31971  2.76790  2.71202  2.05578  2.75585  3.40064  5.55169  4.18593    981 s - - -
          2.68618  4.42225  2.77519  2.73123  3.46354  2.40513  3.72494  3.29354  2.67741  2.69355  4.24690  2.90347  2.73739  3.18146  2.89801  2.37887  2.77519  2.98518  4.58477  3.61503
          0.01541  4.64158  5.17598  0.61958  0.77255  0.53892  0.87557
     70   2.74550  4.30216  3.79814  3.22587  3.49391  2.88842  3.94453  2.62313  3.08908  2.54256  3.40270  3.46987  4.14379  3.44151  3.35597  1.95830  2.58562  1.94195  3.68236  3.66026    982 v - - -
          2.68618  4.42225  2.77519  2.73123  3.46354  2.40513  3.72494  3.29354  2.67741  2.69355  4.24690  2.90347  2.73739  3.18146  2.89801  2.37887  2.77519  2.98518  4.58477  3.61503
          0.01437  4.64561  5.36795  0.61958  0.77255  0.54737  0.86386
     71   2.63723  0.73918  4.32051  4.01204  4.28526  3.40812  4.74106  3.73875  3.87657  3.50253  4.38653  3.57958  4.16215  4.17687  4.05742  2.27375  3.12488  3.31428  5.74398  4.24474    983 c - - -
          2.68620  4.42201  2.77521  2.73125  3.46349  2.40516  3.72486  3.29351  2.67743  2.69357  4.24671  2.90347  2.73741  3.18145  2.89801  2.37890  2.77521  2.98518  4.58447  3.61496
          0.20744  2.61699  2.16881  1.12891  0.39065  0.53966  0.87454
     72   2.78747  0.98227  4.38111  3.87671  3.33505  3.77223  4.30903  2.88425  3.63446  2.63117  3.67141  3.96626  4.30451  3.94268  3.80536  3.14313  3.16601  2.61945  4.67479  3.28729    991 c - - -
          2.68618  4.42225  2.77519  2.73123  3.46354  2.40513  3.72494  3.29354  2.67741  2.69355  4.24690  2.90347  2.73739  3.18146  2.89801  2.37887  2.77519  2.98518  4.58477  3.61503
          0.01865  4.53217  4.86337  0.61958  0.77255  0.42010  1.06997
     73   2.70251  5.19918  3.05898  2.43149  4.52113  3.19572  3.72140  3.78073  1.80246  3.48813  4.18195  3.02358  3.94436  2.40369  1.99554  2.73726  2.74251  3.21110  5.64005  4.15252    992 k - - -
          2.68618  4.42225  2.77519  2.73123  3.46354  2.40513  3.72494  3.29354  2.67741  2.69355  4.24690  2.90347  2.73739  3.18146  2.89801  2.37887  2.77519  2.98518  4.58477  3.61503
          0.01432  4.64879  5.37114  0.61958  0.77255  0.53487  0.88128
     74   2.72241  4.89144  3.22411  2.77209  4.44967  3.30414  4.07034  3.86617  2.83121  3.46093  4.30850  3.30017  1.11620  3.24274  3.17270  2.45220  2.86942  3.48281  5.72094  4.41843    993 p - - -
          2.68618  4.42223  2.77519  2.73123  3.46353  2.40513  3.72494  3.29354  2.67741  2.69355  4.24688  2.90347  2.73740  3.18146  2.89801  2.37887  2.77519  2.98518  4.58475  3.61502
          0.13837  3.62775  2.27643  0.50104  0.93115  0.51625  0.90821
     75   2.57100  3.05519  4.02486  3.37708  3.33905  3.68887  4.07604  2.35005  3.34746  2.27886  3.34320  3.57749  4.11822  3.39708  3.36912  2.50010  2.52652  1.77046  4.82858  3.63706    995 v - - -
          2.68670  4.41472  2.77572  2.73184  3.46224  2.40623  3.72254  3.29253  2.67811  2.69422  4.24122  2.90374  2.73799  3.18107  2.89829  2.37993  2.77571  2.98447  4.57589  3.61313
          0.43127  1.11414  3.81122  3.18872  0.04210  0.47614  0.97069
     76   2.67562  1.65306  3.19013  3.06531  3.49626  3.36423  3.95294  2.91270  3.05142  2.52780  3.45571  3.49218  4.10807  3.34661  3.29861  2.74156  2.79537  2.65087  4.52796  3.54794   1220 c - - -
          2.68618  4.42225  2.77519  2.73123  3.46354  2.40513  3.72494  3.29354  2.67741  2.69355  4.24690  2.90347  2.73739  3.18146  2.89801  2.37887  2.77519  2.98518  4.58477  3.61503
          0.01670  4.61990  5.00398  0.61958  0.77255  0.59350  0.80383
     77   2.58648  1.53315  3.92798  3.39920  3.65480  2.84504  4.18855  3.00957  3.32624  2.73364  3.64195  3.66424  4.12857  3.55764  3.60947  2.17997  2.99179  2.50671  5.12329  3.43738   1221 c - - -
          2.68618  4.42225  2.77519  2.73123  3.46354  2.40513  3.72494  3.29354  2.67741  2.69355  4.24690  2.90347  2.73739  3.18146  2.89801  2.37887  2.77519  2.98518  4.58477  3.61503
          0.01478  4.61797  5.34032  0.61958  0.77255  0.59683  0.79974
     78   2.54429  5.17000  2.94632  2.19288  4.54232  2.79178  3.45138  3.96275  2.30433  3.40769  4.19079  2.98663  3.36931  2.36018  2.53819  2.26711  2.73571  3.35643  5.65230  4.14795   1222 e - - -
          2.68618  4.42225  2.77519  2.73123  3.46354  2.40513  3.72494  3.29354  2.67741  2.69355  4.24690  2.90347  2.73739  3.18146  2.89801  2.37887  2.77519  2.98518  4.58477  3.61503
          0.03022  4.61797  3.91723  0.61958  0.77255  0.59196  0.80574
     79   2.10910  4.26402  3.26379  2.68754  3.93408  3.30857  3.84690  3.25070  2.71694  2.91505  3.83166  3.21693  2.69431  3.05275  3.06886  2.11600  2.41898  2.72207  5.28066  3.99556   1223 a - - -
          2.68692  4.40844  2.77583  2.73194  3.46261  2.40537  3.72296  3.29293  2.67818  2.69431  4.24225  2.90389  2.73808  3.18122  2.89837  2.37974  2.77548  2.98538  4.57737  3.61356
          0.42631  1.14686  3.52508  3.10243  0.04598  0.51834  0.90512
     80   2.62082  4.84447  3.11950  2.40045  3.94184  3.35303  3.72781  2.94879  2.57768  3.06280  3.92659  3.13961  3.71046  2.96660  3.07404  1.64676  2.58811  2.88449  5.36218  4.05220   1375 s - - -
          2.68618  4.42225  2.77519  2.73123  3.46354  2.40513  3.72494  3.29354  2.67741  2.69355  4.24690  2.90347  2.73739  3.18146  2.89801  2.37887  2.77519  2.98518  4.58477  3.61503
          0.15213  4.61433  2.03090  0.61958  0.77255  0.59142  0.80641
     81   2.44247  3.54494  3.19453  2.65766  3.78882  2.97059  3.70628  3.27764  2.66573  2.93566  3.69364  3.16247  3.13721  3.00227  3.01789  1.81981  2.81449  2.86033  5.23857  3.88604   1376 s - - -
          2.68618  4.42225  2.77519  2.73123  3.46354  2.40513  3.72494  3.29354  2.67741  2.69355  4.24690  2.90347  2.73739  3.18146  2.89801  2.37887  2.77519  2.98518  4.58477  3.61503
          0.14207  4.48349  2.11078  0.61958  0.77255  0.79105  0.60398
     82   2.54866  1.46235  3.76290  3.24533  3.64157  3.26048  3.85813  3.00232  3.09721  2.72871  3.62553  3.52234  4.01516  3.44572  3.17790  2.83735  2.49957  2.74343  5.08996  3.76604   1377 c - - -
          2.68618  4.42225  2.77519  2.73123  3.46354  2.40513  3.72494  3.29354  2.67741  2.69355  4.24690  2.90347  2.73739  3.18146  2.89801  2.37887  2.77519  2.98518  4.58477  3.61503
          0.02120  4.36137  4.80178  0.61958  0.77255  0.90582  0.51787
     83   2.50299  2.45781  3.33339  2.73934  3.52445  3.41110  3.80588  3.04943  2.68576  2.69006  3.56625  3.14580  3.90385  2.35846  3.14139  2.55000  2.84702  2.75800  4.95048  3.56610   1378 q - - -
          2.68606  4.42132  2.77534  2.73131  3.46350  2.40533  3.72480  3.29356  2.67756  2.69350  4.24642  2.90359  2.73719  3.18130  2.89776  2.37900  2.77534  2.98529  4.58396  3.61493
          0.69055  0.70817  5.09009  1.10926  0.40019  0.63058  0.75990
     84   2.61352  4.83332  3.14771  2.58365  4.14954  3.32089  3.79712  3.47379  2.60841  3.08033  3.99600  3.11327  1.97552  2.77874  3.05840  2.10699  2.50549  3.20170  5.42842  4.10693   1385 p - - -
          2.68618  4.42225  2.77519  2.73123  3.46354  2.40513  3.72494  3.29354  2.67741  2.69355  4.24690  2.90347  2.73739  3.18146  2.89801  2.37887  2.77519  2.98518  4.58477  3.61503
          0.03122  4.49676  3.93258  0.61958  0.77255  0.76206  0.62868
     85   2.62927  4.42172  3.32743  2.76542  3.77105  3.59948  3.83129  3.05813  2.71309  2.63438  3.57232  3.23327  2.71080  2.98016  3.05028  2.02058  2.34929  2.64127  5.15580  3.78463   1386 s - - -
          2.68618  4.42225  2.77519  2.73123  3.46354  2.40513  3.72494  3.29354  2.67741  2.69355  4.24690  2.90347  2.73739  3.18146  2.89801  2.37887  2.77519  2.98518  4.58477  3.61503
          0.01685  4.48772  5.21006  0.61958  0.77255  0.47298  0.97589
     86   2.64126  1.08946  4.16673  3.66651  3.68396  3.60310  4.33478  3.06237  3.52124  2.79068  3.74308  3.81264  4.17293  3.81048  3.68020  2.45326  3.01541  2.76419  5.17814  3.32873   1387 c - - -
          2.68621  4.42186  2.77522  2.73126  3.46346  2.40518  3.72481  3.29349  2.67744  2.69358  4.24659  2.90348  2.73742  3.18144  2.89802  2.37892  2.77522  2.98518  4.58428  3.61492
          0.20674  2.55061  2.21887  1.48598  0.25654  0.46521  0.98887
     87   2.46954  0.64131  4.69155  4.45063  4.37896  3.38273  5.02206  3.35995  4.22586  3.38190  4.42058  4.11951  4.19611  4.50087  4.31926  2.88988  3.15239  2.92987  5.93599  4.66789   1402 C - - -
          2.68618  4.42217  2.77520  2.73124  3.46352  2.40514  3.72492  3.29353  2.67741  2.69355  4.24683  2.90347  2.73740  3.18146  2.89801  2.37888  2.77520  2.98518  4.58467  3.61501
          0.05579  3.54468  3.67369  0.96123  0.48195  0.47250  0.97668
     88   2.72160  5.02698  3.08735  2.36430  4.29287  3.18639  3.46932  3.40933  2.52063  3.25026  4.03389  3.05960  3.71846  1.67673  2.85423  2.73660  2.64512  2.80188  5.50980  4.15569   1413 q - - -
          2.68626  4.42124  2.77526  2.73130  3.46335  2.40527  3.72460  3.29343  2.67749  2.69363  4.24610  2.90349  2.73747  3.18140  2.89804  2.37901  2.77526  2.98519  4.58353  3.61476
          0.24160  1.58938  4.54918  1.59810  0.22600  0.51678  0.90743
     89   2.37549  4.59092  3.22443  2.63911  4.07673  3.45342  3.72464  3.48010  2.65481  3.07655  3.94253  3.16287  3.14428  2.98921  2.89253  1.68483  2.44094  2.79721  5.38114  4.07301   1429 s - - -
          2.68622  4.42169  2.77523  2.73127  3.46343  2.40520  3.72475  3.29348  2.67745  2.69359  4.24646  2.90348  2.73743  3.18143  2.89802  2.37895  2.77523  2.98518  4.58408  3.61488
          0.17240  2.02263  3.64784  1.39558  0.28460  0.54182  0.87153
     90   2.65952  4.26343  3.49034  2.94555  3.97662  2.88519  4.00581  3.36128  2.91931  3.01539  3.89405  3.25720  3.59184  3.24342  3.22273  1.49255  2.42859  2.27666  5.35027  4.08794   1435 s - - -
          2.68618  4.42223  2.77519  2.73123  3.46353  2.40513  3.72494  3.29354  2.67741  2.69355  4.24688  2.90347  2.73740  3.18146  2.89801  2.37887  2.77519  2.98518  4.58474  3.61502
          0.06722  3.44604  3.40713  0.47744  0.96855  0.54124  0.87234
     91   2.62314  1.16398  4.29197  3.77430  3.59569  3.56205  4.38692  2.93969  3.65676  2.75650  3.55719  3.87097  3.84535  3.89139  3.85135  2.66430  2.80072  2.29062  5.18070  3.99363   1437 c - - -
          2.68618  4.42221  2.77520  2.73123  3.46353  2.40513  3.72493  3.29353  2.67741  2.69355  4.24686  2.90347  2.73740  3.18146  2.89801  2.37887  2.77520  2.98518  4.58472  3.61502
          0.04240  3.44326  4.65045  0.64102  0.74814  0.42903  1.05309
     92   2.66288  1.13001  4.25209  3.72276  3.61655  3.48580  4.33669  2.85735  3.59049  2.71100  3.63295  3.86842  4.21525  3.84570  3.79192  3.02609  2.58204  2.64665  5.11784  3.22544   1440 c - - -
          2.68624  4.42156  2.77524  2.73128  3.46341  2.40522  3.72471  3.29346  2.67746  2.69360  4.24636  2.90348  2.73744  3.18142  2.89803  2.37897  2.77524  2.98518  4.58392  3.61484
          0.05075  3.51600  3.92380  2.43341  0.09183  0.49054  0.94751
     93   2.81411  5.26789  3.08952  2.48274  4.61588  3.44172  3.27746  4.07848  1.95365  3.55864  4.23973  3.02349  3.23067  2.10475  1.86714  2.77309  3.02912  3.51564  5.68436  4.12972   1477 r - - -
          2.68618  4.42225  2.77519  2.73123  3.46354  2.40513  3.72494  3.29354  2.67741  2.69355  4.24690  2.90347  2.73739  3.18146  2.89801  2.37887  2.77519  2.98518  4.58477  3.61503
          0.01421  4.65681  5.37916  0.61958  0.77255  0.52618  0.89369
     94   2.79465  4.92593  3.02213  2.88547  4.61671  3.43312  4.28389  4.02481  3.19394  3.39814  4.54043  3.38547  0.81747  3.50295  3.59527  2.85025  3.27186  3.61553  5.92793  4.62174   1478 p - - -
          2.68624  4.42146  2.77524  2.73129  3.46339  2.40524  3.72468  3.29345  2.67747  2.69361  4.24628  2.90349  2.73745  3.18141  2.89803  2.37898  2.77524  2.98518  4.58380  3.61482
          0.41576  1.87265  1.67960  1.56734  0.23395  0.52618  0.89369
     95   2.50796  2.47929  3.74571  3.22507  3.88719  2.96719  4.15418  3.25561  3.17357  2.86065  3.83936  3.47975  3.99330  3.46962  3.44143  1.44167  2.39405  2.77053  5.30664  4.08565   1503 s - - -
          2.68618  4.42225  2.77519  2.73123  3.46354  2.40513  3.72494  3.29354  2.67741  2.69355  4.24690  2.90347  2.73739  3.18146  2.89801  2.37887  2.77519  2.98518  4.58477  3.61503
          0.22200  4.45612  1.67409  0.61958  0.77255  0.53504  0.88104
     96   2.60061  1.49790  3.92642  3.36900  3.37624  3.66267  4.03935  2.70784  3.23307  2.42998  3.30843  3.62777  4.07771  3.52026  3.47073  2.92271  2.80878  2.49066  4.83278  3.48147   1504 c - - -
          2.68619  4.42209  2.77520  2.73124  3.46351  2.40515  3.72489  3.29352  2.67742  2.69356  4.24677  2.90347  2.73741  3.18145  2.89801  2.37889  2.77520  2.98518  4.58458  3.61499
          0.09413  2.69896  3.79149  1.02035  0.44702  0.82342  0.57791
     97   2.56459  1.95775  3.77282  3.20695  3.36236  3.45412  3.95394  2.72139  3.12434  2.39858  3.35461  3.52969  4.04817  3.15275  3.27931  2.68640  2.88421  2.45498  3.38768  3.62661   1510 c - - -
          2.68623  4.42062  2.77528  2.73133  3.46353  2.40517  3.72422  3.29351  2.67751  2.69363  4.24654  2.90354  2.73748  3.18149  2.89805  2.37884  2.77526  2.98523  4.58437  3.61497
          1.03717  1.18525  1.07918  0.95922  0.48320  0.32015  1.29476
     98   2.51728  3.73577  3.09829  2.57228  3.74725  3.47668  3.04495  3.31651  2.54305  2.96010  3.70553  3.09451  3.65483  2.92316  2.95147  1.80038  2.74826  3.02896  5.24701  3.88795   1514 s - - -
          2.68618  4.42225  2.77519  2.73123  3.46354  2.40513  3.72494  3.29354  2.67741  2.69355  4.24690  2.90347  2.73739  3.18146  2.89801  2.37887  2.77519  2.98518  4.58477  3.61503
          0.02656  4.36852  4.30200  0.61958  0.77255  0.63047  0.76002
     99   2.22018  2.05303  3.71294  3.19200  3.54114  3.63850  4.03032  2.88380  3.12454  2.56202  3.41063  3.52755  4.07262  3.41324  3.33648  2.00117  2.93018  2.53714  5.00480  3.68037   1515 s - - -
          2.68618  4.42225  2.77519  2.73123  3.46354  2.40513  3.72494  3.29354  2.67741  2.69355  4.24689  2.90347  2.73739  3.18146  2.89801  2.37887  2.77519  2.98518  4.58476  3.61503
          0.02179  4.19331  5.04238  0.59223  0.80541  0.35741  1.20226
    100   2.37873  4.79027  2.98974  2.43292  4.09491  3.38663  3.69510  3.31534  2.58583  2.96716  3.75116  2.98596  3.14775  2.27475  2.99342  2.57274  2.77971  2.38388  5.45622  4.02866   1517 q - - -
          2.68618  4.42225  2.77519  2.73123  3.46354  2.40513  3.72494  3.29354  2.67741  2.69355  4.24690  2.90347  2.73739  3.18146  2.89801  2.37887  2.77519  2.98518  4.58477  3.61503
          0.01442  4.66643  5.31703  0.61958  0.77255  0.50744  0.92139
    101   2.38555  4.05169  3.17655  2.54770  4.19388  3.57937  3.80944  3.60266  2.61158  3.21632  4.03121  3.13540  3.76239  2.62997  2.95834  1.51952  2.54510  3.28395  5.46332  4.06195   1518 s - - -
          2.68618  4.42225  2.77519  2.73123  3.46354  2.40513  3.72494  3.29354  2.67741  2.69355  4.24690  2.90347  2.73739  3.18146  2.89801  2.37887  2.77519  2.98518  4.58477  3.61503
          0.01408  4.66609  5.38844  0.61958  0.77255  0.50811  0.92037
    102   2.70190  3.96682  3.56328  3.06875  3.48921  3.29190  4.01051  2.90301  3.06527  1.90562  3.56217  3.50489  3.98740  3.36149  3.40682  1.83893  2.35065  2.58375  5.04311  3.81402   1519 s - - -
          2.68620  4.42193  2.77521  2.73125  3.46348  2.40517  3.72484  3.29350  2.67743  2.69357  4.24665  2.90347  2.73742  3.18144  2.89801  2.37891  2.77521  2.98518  4.58438  3.61494
          0.07046  2.77445  5.17617  1.41360  0.27874  0.48904  0.94988
    103   2.75933  1.78883  4.33271  3.66741  3.20371  3.61199  4.19537  2.58823  3.60245  1.85983  3.33086  3.90398  4.20949  3.80677  3.53865  2.82189  2.89720  2.12911  4.83125  3.63391   1529 c - - -A
          2.68618  4.42225  2.77519  2.73123  3.46354  2.40513  3.72494  3.29354  2.67741  2.69355  4.24690  2.90347  2.73739  3.18146  2.89801  2.37887  2.77519  2.98518  4.58477  3.61503
          0.01401  4.67087  5.39321  0.61958  0.77255  0.49625  0.93856
    104   2.61003  0.75126  4.35568  4.00478  4.00441  2.99745  4.67188  3.47487  3.86994  3.22514  4.16729  3.95966  4.18923  4.14077  4.04829  2.78294  3.11649  3.12587  5.58106  4.03799   1530 c - - -
          2.68618  4.42225  2.77519  2.73123  3.46354  2.40513  3.72494  3.29354  2.67741  2.69355  4.24690  2.90347  2.73739  3.18146  2.89801  2.37887  2.77519  2.98518  4.58477  3.61503
          0.01703  4.67158  4.88938  0.61958  0.77255  0.49718  0.93712
    105   2.71860  4.69455  3.05207  2.33366  4.48713  3.33700  3.07770  3.94581  2.13005  3.36818  4.16378  3.03282  3.94093  2.72580  1.75358  2.57175  2.88676  3.17573  5.62792  4.14243   1531 r - - -
          2.68618  4.42225  2.77519  2.73123  3.46354  2.40513  3.72494  3.29354  2.67741  2.69355  4.24690  2.90347  2.73739  3.18146  2.89801  2.37887  2.77519  2.98518  4.58477  3.61503
          0.01404  4.66860  5.39094  0.61958  0.77255  0.50315  0.92792
    106   2.80950  4.89797  3.25304  2.77460  4.34650  3.57782  3.91366  3.64142  2.82863  3.38033  4.21837  3.28180  1.12374  3.20210  3.11097  2.47062  2.91524  3.40842  5.63094  4.33581   1532 p - - -
          2.68618  4.42225  2.77519  2.73123  3.46354  2.40513  3.72494  3.29354  2.67741  2.69355  4.24690  2.90347  2.73739  3.18146  2.89801  2.37887  2.77519  2.98518  4.58477  3.61503
          0.07214  4.66860  2.80979  0.61958  0.77255  0.50315  0.92792
    107   2.59832  3.02945  4.05825  3.43656  3.34703  3.59930  4.11216  2.28677  3.40428  2.31634  3.35348  3.75632  4.01844  3.48358  3.37963  2.31198  2.61841  1.84084  4.84792  3.32813   1533 v - - -
          2.68623  4.42164  2.77523  2.73128  3.46342  2.40521  3.72474  3.29347  2.67746  2.69360  4.24641  2.90348  2.73744  3.18142  2.89802  2.37895  2.77523  2.98518  4.58402  3.61486
          0.33454  2.45623  1.61658  1.79732  0.18121  0.45227  1.01111
    108   2.67982  2.07426  3.46506  2.86823  3.61893  3.63290  3.69146  2.98648  2.85764  2.65170  3.49359  2.89303  3.73640  3.17531  3.10669  2.48689  2.77469  2.73226  5.04356  3.03890   1556 c - - -
          2.68618  4.42225  2.77519  2.73123  3.46354  2.40513  3.72494  3.29354  2.67741  2.69355  4.24690  2.90347  2.73739  3.18146  2.89801  2.37887  2.77519  2.98518  4.58477  3.61503
          0.01731  4.46114  5.18348  0.61958  0.77255  0.41862  1.07280
    109   2.74204  1.07406  4.37071  3.85031  3.57836  3.69141  4.38584  2.87374  3.67824  2.69727  3.64920  3.93982  4.24472  3.93782  3.85030  2.75313  3.07562  2.26699  4.89061  3.73068   1557 c - - -
          2.68618  4.42225  2.77519  2.73123  3.46354  2.40513  3.72494  3.29354  2.67741  2.69355  4.24690  2.90347  2.73739  3.18146  2.89801  2.37887  2.77519  2.98518  4.58477  3.61503
          0.06425  4.63060  2.94740  0.61958  0.77255  0.57469  0.82754
    110   2.61882  4.75856  2.98904  2.35876  4.19700  2.94684  3.62352  3.61315  2.35564  3.29526  3.82128  2.96955  3.72801  1.82176  2.70690  2.59286  2.84998  3.30678  5.07492  3.94877   1558 q - - -
          2.68624  4.42154  2.77524  2.73128  3.46340  2.40523  3.72470  3.29346  2.67747  2.69361  4.24634  2.90348  2.73744  3.18142  2.89803  2.37897  2.77524  2.98518  4.58390  3.61484
          0.32607  1.38277  3.59847  1.13436  0.38806  0.64874  0.73962
    111   2.19123  4.43238  3.05488  2.56658  3.83684  3.46979  3.73943  3.51052  2.53354  3.09788  3.94549  3.07946  2.61211  2.58448  3.01652  2.08676  2.64829  3.21324  5.30947  3.99490   1570 s - - -
          2.68618  4.42225  2.77519  2.73123  3.46354  2.40513  3.72494  3.29354  2.67741  2.69355  4.24690  2.90347  2.73739  3.18146  2.89801  2.37887  2.77519  2.98518  4.58477  3.61503
          0.07627  4.56164  2.76482  0.61958  0.77255  0.68697  0.69936
    112   2.67366  2.53993  3.57828  3.01361  3.52647  3.65311  3.73623  2.82559  2.96646  2.65267  3.54325  3.41354  3.17018  3.26998  3.20845  1.96500  2.52060  2.49667  5.02099  3.77591   1571 s - - -
          2.68627  4.42116  2.77526  2.73131  3.46333  2.40528  3.72457  3.29342  2.67750  2.69364  4.24604  2.90350  2.73747  3.18139  2.89804  2.37902  2.77526  2.98519  4.58342  3.61473
          0.12166  2.36889  3.86489  2.33449  0.10188  0.49940  0.93368
    113   2.86574  0.54224  4.61809  4.35928  4.11194  3.60258  4.88378  3.54827  4.06437  3.39938  4.46235  4.20064  4.35306  4.44260  4.06928  3.07988  3.35818  3.23923  5.65608  4.09108   1597 C - - -B
          2.68618  4.42225  2.77519  2.73123  3.46354  2.40513  3.72494  3.29354  2.67741  2.69355  4.24690  2.90347  2.73739  3.18146  2.89801  2.37887  2.77519  2.98518  4.58477  3.61503
          0.04745  4.59346  3.31807  0.61958  0.77255  0.49473  0.94093
    114   2.53602  1.88450  4.10245  3.53913  3.30520  3.79100  4.07916  2.62517  3.42861  2.33195  3.25537  3.75673  3.51279  3.64954  3.61784  2.81544  2.90121  1.96930  4.73600  3.28488   1598 c - - -
          2.68638  4.41989  2.77534  2.73140  3.46309  2.40546  3.72414  3.29328  2.67761  2.69374  4.24504  2.90353  2.73756  3.18131  2.89807  2.37921  2.77534  2.98519  4.58187  3.61439
          0.25573  1.60210  3.72233  2.41519  0.09360  0.46862  0.98314
    115   2.68757  4.41580  2.94766  2.31627  4.23852  3.41106  3.60982  3.77443  2.06133  3.23908  4.03123  2.96839  3.80063  2.65864  1.99588  2.55166  2.65822  3.33376  5.06066  4.05238   1642 r - - -
          2.68618  4.42225  2.77519  2.73123  3.46354  2.40513  3.72494  3.29354  2.67741  2.69355  4.24690  2.90347  2.73739  3.18146  2.89801  2.37887  2.77519  2.98518  4.58477  3.61503
          0.01496  4.64010  5.26097  0.61958  0.77255  0.53440  0.88194
    116   2.62694  4.69285  3.52039  3.12506  4.61717  3.34045  4.38914  4.03393  3.30141  3.68696  4.51189  3.35727  0.88158  3.61615  3.67257  2.39158  2.85016  3.37560  5.93000  4.67649   1643 p - - -
          2.68618  4.42225  2.77519  2.73123  3.46354  2.40513  3.72494  3.29354  2.67741  2.69355  4.24690  2.90347  2.73739  3.18146  2.89801  2.37887  2.77519  2.98518  4.58477  3.61503
          0.02493  4.64689  4.19737  0.61958  0.77255  0.54497  0.86716
    117   2.28098  2.86268  3.64089  3.07515  3.53827  3.68608  3.99195  2.86828  3.02832  2.68539  3.57741  3.39185  3.06902  3.32859  3.25707  1.87120  2.72280  2.40932  5.05630  3.72874   1644 s - - -
          2.68618  4.42225  2.77519  2.73123  3.46354  2.40513  3.72494  3.29354  2.67741  2.69355  4.24690  2.90347  2.73739  3.18146  2.89801  2.37887  2.77519  2.98518  4.58477  3.61503
          0.01450  4.63646  5.35881  0.61958  0.77255  0.53129  0.88635
    118   2.37821  0.79051  4.53238  4.13477  4.09087  3.38168  4.74948  3.35410  3.98218  3.12803  4.14879  4.00714  4.17803  4.22285  4.13632  2.67326  3.00777  2.88480  5.64627  4.39120   1645 c - - -
          2.68618  4.42221  2.77520  2.73123  3.46353  2.40513  3.72493  3.29353  2.67741  2.69355  4.24686  2.90347  2.73740  3.18146  2.89801  2.37887  2.77520  2.98518  4.58472  3.61502
          0.08496  2.90599  3.62095  0.38231  1.14660  0.50225  0.92930
    119   2.68182  1.37737  4.01052  3.44339  3.35855  3.60129  4.11589  2.69353  3.33983  2.48795  3.40264  3.71117  4.16676  3.57264  3.43775  2.71759  2.95037  2.50862  4.90668  3.72539   1647 c - - -
          2.68650  4.41724  2.77540  2.73150  3.46311  2.40557  3.72410  3.29323  2.67773  2.69375  4.24482  2.90363  2.73768  3.18063  2.89810  2.37935  2.77545  2.98515  4.58147  3.61437
          1.23923  0.84531  1.26952  1.98078  0.14846  0.56080  0.84573
    120   2.64542  4.88748  3.01889  2.46394  4.15097  3.46576  3.56347  3.57807  2.44301  3.12025  3.96546  2.98816  2.64214  2.52203  2.72093  2.07307  2.63808  3.23590  5.37297  3.67718   1689 s - - -
          2.68618  4.42225  2.77519  2.73123  3.46354  2.40513  3.72494  3.29354  2.67741  2.69355  4.24690  2.90347  2.73739  3.18146  2.89801  2.37887  2.77519  2.98518  4.58477  3.61503
          0.10019  4.31498  2.50139  0.61958  0.77255  0.96850  0.47747
    121   2.19210  4.24506  3.36325  2.81789  3.79530  3.40929  3.86445  3.00263  2.78882  2.85604  3.71826  3.10968  3.29561  3.11107  3.18588  1.86084  2.47060  2.56253  5.18040  3.92085   1690 s - - -
          2.68618  4.42225  2.77519  2.73123  3.46354  2.40513  3.72494  3.29354  2.67741  2.69355  4.24690  2.90347  2.73739  3.18146  2.89801  2.37887  2.77519  2.98518  4.58477  3.61503
          0.02171  4.23650  4.95885  0.61958  0.77255  0.94932  0.48940
    122   2.41264  1.39843  3.99425  3.53324  3.84369  2.99852  4.30134  3.14631  3.43865  2.93046  3.81890  3.61317  2.83214  3.70468  3.68054  2.54323  2.75643  2.50935  5.29803  4.10959   1691 c - - -
          2.68618  4.42225  2.77519  2.73123  3.46354  2.40513  3.72494  3.29354  2.67741  2.69355  4.24690  2.90347  2.73739  3.18146  2.89801  2.37887  2.77519  2.98518  4.58477  3.61503
          0.02278  4.27636  4.75272  0.61958  0.77255  0.56769  0.83663
    123   2.64084  1.90252  3.59079  3.07422  3.34701  3.33989  3.80872  2.74908  3.01634  2.34069  3.33226  3.40284  3.89996  3.27678  3.30298  2.80160  2.86031  2.54617  4.53610  3.41571   1692 c - - -
          2.68663  4.41074  2.77560  2.73151  3.46351  2.40561  3.72457  3.29363  2.67770  2.69405  4.24568  2.90383  2.73708  3.18145  2.89797  2.37905  2.77534  2.98510  4.58267  3.61482
          0.67793  0.72919  4.60169  2.02440  0.14165  0.55530  0.85308
    124   2.52649  4.51885  2.93722  2.41691  4.12204  3.30400  3.35743  3.40396  2.42306  3.25206  3.93968  2.95864  3.45319  2.13486  2.32624  2.56218  2.87021  3.21891  4.94137  3.97856   1748 q - - -
          2.68618  4.42225  2.77519  2.73123  3.46354  2.40513  3.72494  3.29354  2.67741  2.69355  4.24690  2.90347  2.73739  3.18146  2.89801  2.37887  2.77519  2.98518  4.58477  3.61503
          0.23836  4.57667  1.60050  0.61958  0.77255  0.65964  0.72781
    125   2.55059  4.74337  2.98857  2.55592  4.01691  3.18475  3.75106  3.24069  2.58164  2.99072  3.88107  3.08270  3.89632  2.92513  2.98124  1.91025  2.06481  3.03096  5.32165  4.00974   1749 s - - -
          2.68618  4.42225  2.77519  2.73123  3.46354  2.40513  3.72494  3.29354  2.67741  2.69355  4.24690  2.90347  2.73739  3.18146  2.89801  2.37887  2.77519  2.98518  4.58477  3.61503
          0.01918  4.35941  5.08175  0.61958  0.77255  0.53119  0.88650
    126   2.70027  4.18976  3.30115  2.71595  3.79293  3.31760  3.83664  3.23157  2.72110  2.91078  3.79923  3.07029  3.98558  3.05688  2.94655  1.69138  2.13649  2.79256  5.25424  3.97083   1750 s - - -
          2.68618  4.42225  2.77519  2.73123  3.46354  2.40513  3.72494  3.29354  2.67741  2.69355  4.24690  2.90347  2.73739  3.18146  2.89801  2.37887  2.77519  2.98518  4.58477  3.61503
          0.01593  4.54303  5.26538  0.61958  0.77255  0.62440  0.76697
    127   2.25690  0.71384  4.62269  4.39699  4.64585  3.26058  5.02220  3.93427  4.25628  3.76980  4.63387  4.01808  4.08458  4.46543  4.35322  2.17838  3.05592  3.39658  6.08025  4.94800   1751 c - - -
          2.68624  4.42242  2.77550  2.73148  3.46380  2.40543  3.72512  3.29374  2.67773  2.69249  4.24706  2.90381  2.73731  3.18159  2.89813  2.37844  2.77532  2.98446  4.58467  3.61513
          0.41922  1.10948  4.36528  1.28969  0.32207  0.58736  0.81147
    128   2.75977  1.47865  4.04325  3.46486  3.23299  3.80237  4.09330  2.75849  3.32607  2.32561  3.42038  3.73024  4.19563  3.60535  3.00203  2.92824  2.99755  2.54900  4.85474  3.06871   1756 c - - -
          2.68618  4.42225  2.77519  2.73123  3.46354  2.40513  3.72494  3.29354  2.67741  2.69355  4.24690  2.90347  2.73739  3.18146  2.89801  2.37887  2.77519  2.98518  4.58477  3.61503
          0.04033  4.59461  3.52600  0.61958  0.77255  0.62537  0.76586
    129   2.71283  5.13637  3.02751  2.31823  4.56860  3.53015  3.26927  4.03747  1.96194  3.52044  4.20006  2.88074  3.92026  2.35145  1.92098  2.53351  2.89614  3.54399  5.65092  4.15275   1757 r - - -
          2.68618  4.42219  2.77520  2.73123  3.46353  2.40513  3.72492  3.29353  2.67741  2.69355  4.24685  2.90347  2.73740  3.18146  2.89801  2.37887  2.77520  2.98518  4.58470  3.61501
          0.06019  3.34911  3.75925  0.75021  0.63917  0.66396  0.72321
    130   2.57439  4.54501  3.71901  3.34720  4.21483  3.36980  4.39395  3.76345  3.31961  3.47729  4.33831  3.58527  0.91442  3.65825  3.58284  2.65599  2.48936  3.23015  5.76978  4.51179   1761 p - - -
          2.68618  4.42225  2.77519  2.73123  3.46354  2.40513  3.72494  3.29354  2.67741  2.69355  4.24690  2.90347  2.73739  3.18146  2.89801  2.37887  2.77519  2.98518  4.58477  3.61503
          0.02214  4.55669  4.47427  0.61958  0.77255  0.69121  0.69509
    131   2.22888  2.43732  3.79965  3.24028  3.56134  3.65309  4.05365  2.87076  3.17687  2.61416  3.49053  3.54583  3.61857  3.45750  3.45544  2.31493  2.03852  2.37268  5.02652  3.81058   1762 t - - -
          2.68618  4.42225  2.77519  2.73123  3.46354  2.40513  3.72494  3.29354  2.67741  2.69355  4.24690  2.90347  2.73739  3.18146  2.89801  2.37887  2.77519  2.98518  4.58477  3.61503
          0.06946  4.55143  2.87270  0.61958  0.77255  0.68794  0.69838
    132   2.59727  1.02627  4.19965  3.72857  3.82303  3.46089  4.39688  3.11070  3.53470  2.84015  3.83216  3.79637  4.03789  3.84929  3.58781  2.57060  2.98013  2.64812  5.28283  4.09954   1763 c - - -
          2.68621  4.42192  2.77521  2.73125  3.46348  2.40517  3.72483  3.29350  2.67743  2.69357  4.24664  2.90347  2.73742  3.18144  2.89802  2.37891  2.77521  2.98518  4.58436  3.61494
          0.36002  1.89605  1.88272  0.96424  0.48009  0.76737  0.62405
    133   2.60850  2.99351  3.02015  2.64883  3.83619  3.22267  3.75480  3.20494  2.47884  2.89051  3.73572  3.12929  3.71438  2.96639  3.05969  1.91528  2.77595  2.71852  5.15916  3.89912   1767 s - - -
          2.68618  4.42225  2.77519  2.73123  3.46354  2.40513  3.72494  3.29354  2.67741  2.69355  4.24690  2.90347  2.73739  3.18146  2.89801  2.37887  2.77519  2.98518  4.58477  3.61503
          0.03838  4.34495  3.70163  0.61958  0.77255  0.70621  0.68025
    134   2.64399  3.67490  3.10137  2.51522  3.98262  3.46015  3.74403  3.10971  2.56449  2.94347  3.77461  3.09507  3.75776  2.27567  2.18086  2.60062  2.90870  2.65747  5.29392  3.98375   1768 r - - -
          2.68616  4.41219  2.77573  2.73163  3.46398  2.40552  3.72529  3.29372  2.67793  2.69384  4.24715  2.90402  2.73722  3.18141  2.89814  2.37790  2.77505  2.98525  4.58492  3.61530
          1.08197  0.52781  2.64254  1.53857  0.24168  0.85111  0.55676
    135   2.60161  2.25886  3.63701  3.06878  3.30530  3.58738  3.79016  2.79727  3.00919  2.46440  3.36241  3.43905  3.36656  3.29907  3.27336  2.17862  2.87020  2.50037  4.89546  3.48096   1778 s - - -
          2.68618  4.42225  2.77519  2.73123  3.46354  2.40513  3.72494  3.29354  2.67741  2.69355  4.24690  2.90347  2.73739  3.18146  2.89801  2.37887  2.77519  2.98518  4.58477  3.61503
          0.09400  4.36624  2.56375  0.61958  0.77255  0.92127  0.50752
    136   2.34378  1.85899  3.71421  3.16011  3.39723  2.89652  3.91593  2.82014  3.06037  2.53932  3.44753  3.43157  3.77589  3.37222  3.38396  2.84899  2.74998  2.58888  4.55575  3.70200   1779 c - - -
          2.68618  4.42225  2.77519  2.73123  3.46354  2.40513  3.72494  3.29354  2.67741  2.69355  4.24690  2.90347  2.73739  3.18146  2.89801  2.37887  2.77519  2.98518  4.58477  3.61503
          0.02051  4.29276  5.01510  0.61958  0.77255  0.88717  0.53072
    137   2.56071  3.95004  3.04062  2.46629  4.06906  3.29862  3.57737  3.37681  2.30935  3.03785  3.90681  3.01889  3.12173  2.43073  2.57244  2.62187  2.84259  2.60817  5.33992  3.88120   1780 k - - -L M N O P
          2.68618  4.42225  2.77519  2.73123  3.46354  2.40513  3.72494  3.29354  2.67741  2.69355  4.24690  2.90347  2.73739  3.18146  2.89801  2.37887  2.77519  2.98518  4.58477  3.61503
          0.01959  4.33845  5.06080  0.61958  0.77255  0.71057  0.67603
    138   2.61455  5.10377  2.91557  2.27995  4.40921  3.40195  3.55007  3.79617  2.20894  3.39108  4.13437  2.94977  2.21055  2.72670  2.84192  2.14554  2.89916  3.47371  5.56105  4.17030   1781 s - - -
          2.68618  4.42225  2.77519  2.73123  3.46354  2.40513  3.72494  3.29354  2.67741  2.69355  4.24690  2.90347  2.73739  3.18146  2.89801  2.37887  2.77519  2.98518  4.58477  3.61503
          0.01758  4.44552  5.16787  0.61958  0.77255  0.80427  0.59315
    139   2.49937  4.04981  3.38313  2.89757  3.61789  3.50120  3.87961  2.81278  2.86120  2.56020  3.45778  3.31803  2.98314  3.08725  3.23976  2.04603  2.53425  2.32265  5.04310  3.77402   1782 s - - -
          2.68618  4.42225  2.77519  2.73123  3.46354  2.40513  3.72494  3.29354  2.67741  2.69355  4.24690  2.90347  2.73739  3.18146  2.89801  2.37887  2.77519  2.98518  4.58477  3.61503
          0.01735  4.45848  5.18083  0.61958  0.77255  0.79748  0.59868
    140   2.48456  1.54239  3.81767  3.19942  3.71408  3.34631  4.14106  3.06398  3.21586  2.68263  3.68621  3.54924  4.03888  3.48806  3.44621  2.12388  2.76340  2.69017  5.16436  3.95210   1783 c - - -
          2.68618  4.42225  2.77519  2.73123  3.46354  2.40513  3.72494  3.29354  2.67741  2.69355  4.24690  2.90347  2.73739  3.18146  2.89801  2.37887  2.77519  2.98518  4.58477  3.61503
          0.03400  4.46815  3.81840  0.61958  0.77255  0.67049  0.71633
    141   2.65401  1.28916  3.94297  3.40557  3.39365  3.62966  3.87749  2.90715  3.28742  2.63527  3.44696  3.65714  3.69497  3.58124  3.54447  2.70877  2.96624  2.67506  5.00517  3.72505   1784 c - - -
          2.68618  4.42225  2.77519  2.73123  3.46354  2.40513  3.72494  3.29354  2.67741  2.69355  4.24690  2.90347  2.73739  3.18146  2.89801  2.37887  2.77519  2.98518  4.58477  3.61503
          0.27989  4.50728  1.45625  0.61958  0.77255  0.75196  0.63761
    142   2.47332  4.83775  2.78887  2.28176  4.30513  3.32437  3.61564  3.76223  2.36136  3.23401  4.06655  2.91210  3.73209  1.95347  2.76909  2.32506  2.84975  3.37234  5.44419  4.09531   1785 q - - -
          2.68688  4.41032  2.77573  2.73185  3.46216  2.40625  3.72242  3.29277  2.67802  2.69424  4.24097  2.90374  2.73800  3.18103  2.89829  2.38003  2.77573  2.98527  4.57549  3.61303
          0.81725  0.58276        *  3.02776  0.04964  0.00000        *
\\
